    2.5769    4.2802
    2.7153    4.1084
    2.8901    3.9160
    3.2242    3.8473
    3.6740    3.8679
    4.0078    3.8954
    4.0732    3.8679
    4.2105    4.0397
    4.3340    3.9985
    4.3705    3.9160
    4.3492    3.7786
    4.4366    3.6893
    4.5528    3.6550
    4.6400    3.6069
    4.7421    3.4763
    4.9163    3.4626
    5.0254    3.3870
    4.9314    3.2771
    4.8516    3.2565
    4.9465    3.0847
    5.0341    2.9130
    5.0205    2.6382
    4.8761    2.4115
    4.7242    2.2672
    4.4923    2.1573
    4.2314    2.0611
    3.9849    1.9786
    4.1228    1.9718
    4.3114    1.9855
    4.4349    1.9511
    4.5296    1.8412
    4.5738    1.6489
    4.4799    1.4977
    4.2481    1.3740
    3.9725    1.3191
    3.7985    1.2779
    3.5736    1.2573
    3.4576    1.2229
    3.4579    1.1198
    3.3202    1.0580
    3.4441    0.8931
    3.3930    0.9962
    3.9368    1.1336
    4.3433    1.1061
    4.5616    0.9206
    4.6204    0.7008
    4.5849    0.4534
    4.4766    0.2954
    4.2883    0.1511
    3.8606    0.0137
    2.5762    0.0000
    2.2495    0.0344
    1.9227    0.1168
    1.6686    0.1649
    1.3343    0.2954
    1.1673    0.3435
    1.0004    0.3366
    0.8845    0.2679
    0.7107    0.1374
    0.4206    0.0893
    0.2387    0.2473
    0.1292    0.4397
   -0.0097    0.7489
    0.0761    1.1473
    0.3943    1.5115
    0.5964    1.8481
    0.7917    2.0473
    1.1244    2.3908
    1.4425    2.7481
    1.7391    3.0504
    1.4626    3.2840
    1.2295    3.5588
    1.1848    3.8885
    1.2495    4.1015
    1.4156    4.3351
    1.6619    4.4931
    1.9739    4.5069
    2.2788    4.4450
    2.5041    4.3420