98.65812664	70.00426743
90.44338686	73.58890469
79.76272809	78.06970128
72.39491219	84.3428165
62.56117731	91.51209104
56.03280004	99.57752489
47.83303079	104.9544808
41.29716825	112.1237553
35.60074432	121.0853485
29.9043204	130.0469417
25.86431792	139.9046942
22.67123932	152.4509246
17.82922455	164.997155
17.10206494	176.6472262
19.67277767	188.2972973
19.79254195	202.6358464
14.10360329	212.4935989
10.88058362	221.455192
7.627622888	226.8321479
4.404603221	235.7937411
1.998566371	243.859175
2.095874846	255.5092461
1.353744702	265.3669986
3.924457432	277.0170697
9.763101433	285.0825036
13.93783873	291.3556188
19.74654166	295.8364154
25.56272986	301.2133713
33.80741071	301.2133713
41.22762348	301.2133713
48.62538044	298.5248933
53.53476262	294.0440967
60.08559569	288.6671408
64.99497787	284.1863442
68.23296807	277.0170697
71.47095827	269.8477952
73.06749757	263.5746799
73.35308982	260.395702
74.19800811	257.563396
75.1564269	255.3211538
77.96648276	253.786988
81.22068349	253.4329498
83.94582457	254.73109
84.09086792	259.0975618
83.68910878	262.9919825
83.62292256	268.0665307
83.23299198	273.3771045
82.84010426	278.33364
83.08879098	282.110048
83.5654644	287.1845962
84.04756703	294.940256
85.76387061	303.0056899
87.48765945	311.9672831
90.86786973	321.8250356
91.78964629	333.4751067
97.6507461	344.2290185
102.6798925	354.086771
107.6940685	362.1522048
112.7082444	370.2176387
121.8597313	380.0753912
128.5378139	389.9331437
135.1784702	395.3100996
141.0171142	403.3755334
149.3141919	409.6486486
158.4282524	415.0256046
167.5348277	419.5064011
177.4958121	427.571835
188.2588088	432.9487909
196.5334308	436.5334282
206.4569888	440.1180654
220.5028874	443.7027027
232.8848792	445.4950213
245.2519005	445.4950213
256.8019389	446.3911807
269.9934283	446.3911807
278.2306239	445.4950213
288.9412237	444.598862
297.9879168	441.9103841
306.2026566	438.3257468
313.6153841	437.4295875
309.5529258	444.598862
305.4904675	451.7681366
301.420524	458.0412518
297.365551	466.1066856
291.6466712	472.3798009
289.2481197	481.341394
286.0325853	491.1991465
283.6639747	503.745377
282.112347	515.3954481
280.5307783	523.4608819
279.8185892	536.9032717
279.9084124	547.6571835
280.8376742	560.2034139
283.4233575	573.6458037
289.2620015	581.7112376
293.4591946	590.6728307
296.8169491	597.8421053
302.6481078	605.0113798
311.7771389	612.1806543
321.7381233	620.2460882
333.3106176	623.8307255
340.7607714	627.4153627
351.5013123	630.1038407
360.562976	629.2076814
370.456593	629.2076814
377.0373672	627.4153627
387.7329965	624.7268848
399.2530939	622.0384068
407.4678336	618.4537696
417.3015685	611.284495
425.5163083	607.6998578
430.4107199	601.4267425
436.1370849	596.0497866
440.1995432	588.8805121
448.3693714	579.9189189
454.0732806	571.8534851
456.4718322	562.8918919
460.5193199	553.9302987
463.7273691	543.1763869
466.1034648	531.5263158
467.6550925	519.8762447
469.2216908	510.0184922
469.1393528	500.1607397
467.4005934	489.4068279
465.6768046	480.4452347
461.4721262	470.5874822
458.9313546	462.5220484
455.5661148	454.4566145
452.2233309	449.0796586
447.209155	441.0142248
441.400452	436.5334282
435.5692933	429.3641536
430.5775732	423.9871977
422.2879807	418.6102418
414.8453122	415.9217639
406.5706902	412.3371266
398.3110389	410.544808
388.394966	407.85633
381.7992214	407.85633
375.1959914	406.9601707
371.0811362	407.85633
362.8439407	408.7524893
366.9288548	404.2716927
373.4796878	398.8947368
377.5720872	395.3100996
382.4889546	391.7254623
389.0397877	386.3485064
393.9416846	380.9715505
398.8360962	374.6984353
406.1814563	365.7368421
410.2364294	357.6714083
415.1458115	353.1906117
418.3763165	345.1251778
423.2557576	337.059744
427.2957601	327.2019915
430.5412355	320.9288762
432.9622429	314.655761
435.345824	303.9018492
437.8865956	311.9672831
438.8008869	322.7211949
441.3341733	329.8904694
444.6994131	337.9559033
449.7210742	346.9174964
453.8883263	352.2944523
459.7344555	361.2560455
464.7261757	366.6330014
467.2444915	372.0099573
472.2287264	376.4907539
478.8693826	381.8677098
485.5175242	388.140825
496.2880062	394.4139403
504.5775986	399.7908962
515.3106543	401.5832148
525.2267271	404.2716927
530.9980037	404.2716927
543.3500544	402.4793741
551.5797647	400.6870555
560.6189726	397.1024182
568.8262271	392.6216216
576.194043	386.3485064
586.0427484	380.9715505
592.5860962	374.6984353
596.6485545	367.5291607
601.5429662	361.2560455
605.5754834	350.5021337
611.2943631	344.2290185
614.5323533	337.059744
616.9159344	326.3058321
618.4750473	315.5519203
619.2096922	304.7980085
620.7688052	294.0440967
619.8769697	285.9786629
618.9626784	275.2247511
617.2314043	265.3669986
616.317113	254.6130868
613.7763413	246.5476529
611.2131139	235.7937411
607.0159208	226.8321479
602.0017448	218.7667141
599.4759437	212.4935989
595.2937212	205.3243243
589.4700477	199.0512091
582.8219061	192.7780939
575.3567818	187.401138
567.8841721	181.1280228
559.6020649	176.6472262
551.3349283	173.9587482
543.8922597	171.2702703
533.9761869	168.5817923
524.8845822	165.8933144
514.9909651	165.8933144
503.4484119	165.8933144
495.2187016	167.685633
487.0114471	172.1664296
479.6211754	175.7510669
473.0553718	179.3357041
467.3364921	185.6088193
462.4271099	190.0896159
456.6932596	194.5704125
453.4402989	199.9473684
448.5458873	206.2204836
446.1248799	212.4935989
442.9018602	221.455192
440.3386328	210.7012802
439.4542825	203.5320057
439.3869151	195.4665718
437.6780968	188.2972973
434.282916	176.6472262
431.7346591	167.685633
430.0108702	158.7240398
427.4700986	150.658606
424.0898883	140.8008535
420.709678	130.943101
417.3294677	121.0853485
413.9717132	113.916074
409.7745202	104.9544808
404.7603442	96.88904694
400.5781217	89.7197724
392.2960145	85.23897582
387.2968091	78.9658606
379.8316847	73.58890469
371.534607	67.31578947
363.2524998	62.83499289
354.9479368	55.66571835
348.3222511	52.08108108
339.2231611	48.49644381
335.0334532	40.43100996
329.187324	31.46941679
321.6922585	22.50782361
314.2121636	15.33854908
302.6246988	9.961593172
295.9915278	5.480796586
286.8924378	1.896159317
280.2892079	1
272.8615098	0.103840683
262.1583953	1.896159317
253.1042169	3.688477952
245.6989746	5.480796586
240.7746219	8.169274538
232.5523969	10.85775249
225.1696104	15.33854908
219.4357602	19.81934566
214.526378	24.30014225
207.9830302	30.57325747
201.4321971	35.95021337
194.0494107	40.43100996
185.8421562	44.91180654
178.4443992	47.6002845
170.2072036	48.49644381
159.5115743	51.18492176
149.6254426	52.08108108
142.2052298	52.08108108
132.3340686	54.76955903
127.4022306	56.56187767
121.6534098	59.25035562
113.4236995	61.04267425
106.8578959	64.62731152